{
 "cells": [
  {
   "cell_type": "code",
   "execution_count": 3,
   "id": "3fac0edf",
   "metadata": {
    "tags": []
   },
   "outputs": [
    {
     "name": "stdout",
     "output_type": "stream",
     "text": [
      "[ 60.96492829  62.53806143 -38.25331702  11.46275439  81.1083221 ]\n",
      "[ 48.37328968  66.58472526 -56.48799583  -5.90029739  59.02012109]\n",
      "[ 49.20612092  55.9410389  -53.30895727 -27.08729187  55.84961292]\n",
      "[ 25.87073414  51.91641218 -34.18692048 -27.77206302  50.21284917]\n",
      "[ 0.45829735  0.80812315 -0.51410652 -0.41851797  0.78931527]\n",
      "Verified solution converges in 5 steps\n"
     ]
    }
   ],
   "source": [
    "'''Question 1 (Self Did) Mananananana'''\n",
    "import numpy as np \n",
    "X = np.random.randint(-9,10,(5,5))\n",
    "A = X@X.T + np.identity(X.shape[1])\n",
    "c = np.random.randint(-9,10,5)\n",
    "def g(A,c,x):\n",
    "    return A@x + c\n",
    "#I make an initial guess \n",
    "x = np.random.randint(1,100,5)\n",
    "d = -g(A,c,x)\n",
    "count = 0 \n",
    "z1 = False\n",
    "while np.linalg.norm(g(A,c,x)) >= 1e-6:\n",
    "    xc = x.copy()\n",
    "    x = x - (np.dot(g(A,c,x),d)*d)/(d.dot(A.dot(d)))\n",
    "    print(x)\n",
    "    if count%5 < 4: \n",
    "        d = -g(A,c,x) + ((np.dot(g(A,c,x),g(A,c,x)))/(np.dot(g(A,c,xc),g(A,c,xc))))*d\n",
    "        count = count + 1\n",
    "    else:\n",
    "        d = -g(A,c,x)\n",
    "        count+=1\n",
    "        \n",
    "    if count > 5:\n",
    "        print(\"Solution does not converge in 5 steps\")\n",
    "        z1 = True\n",
    "        \n",
    "if not z1:\n",
    "    print(\"Verified solution converges in 5 steps\")"
   ]
  },
  {
   "cell_type": "code",
   "execution_count": 2,
   "id": "ce417563-fc43-4349-9333-f6bdf58e3949",
   "metadata": {},
   "outputs": [
    {
     "name": "stdout",
     "output_type": "stream",
     "text": [
      "No, solution doesn't converge in 5 step for A,c \n",
      " [[ 98  -7 -74 -46  14]\n",
      " [ -7  16  21   3 -43]\n",
      " [-74  21  96  48 -68]\n",
      " [-46   3  48 239 -12]\n",
      " [ 14 -43 -68 -12 135]] [5 6 2 4 7] \n",
      "Took 10 Steps\n",
      "No, solution doesn't converge in 5 step for A,c \n",
      " [[312 -50 -58 -66 -78]\n",
      " [-50 102 -27 -69 -42]\n",
      " [-58 -27 104  -4  38]\n",
      " [-66 -69  -4 144  60]\n",
      " [-78 -42  38  60 102]] [-6 -6 -8  7 -1] \n",
      "Took 10 Steps\n",
      "No, solution doesn't converge in 5 step for A,c \n",
      " [[ 216    4  -86   40 -105]\n",
      " [   4   22   24  -20   16]\n",
      " [ -86   24   92  -47   70]\n",
      " [  40  -20  -47  154   -3]\n",
      " [-105   16   70   -3  191]] [ 0  1 -9 -2 -1] \n",
      "Took 10 Steps\n",
      "No, solution doesn't converge in 5 step for A,c \n",
      " [[ 65  34  -2  43  56]\n",
      " [ 34 124 -33  12  59]\n",
      " [ -2 -33 215 -26 -54]\n",
      " [ 43  12 -26 129 109]\n",
      " [ 56  59 -54 109 175]] [ 3 -3 -4  6 -3] \n",
      "Took 10 Steps\n",
      "No, solution doesn't converge in 5 step for A,c \n",
      " [[153 -22 -58  63  61]\n",
      " [-22  59  22 -56   9]\n",
      " [-58  22 106  16 -90]\n",
      " [ 63 -56  16 114 -13]\n",
      " [ 61   9 -90 -13 156]] [ 0  7  7 -7  1] \n",
      "Took 10 Steps\n",
      "No, solution doesn't converge in 5 step for A,c \n",
      " [[ 222  -46   -1 -128 -100]\n",
      " [ -46   97  -65   48   61]\n",
      " [  -1  -65  106   -7   11]\n",
      " [-128   48   -7  103   72]\n",
      " [-100   61   11   72  105]] [ 4  4  2  1 -9] \n",
      "Took 10 Steps\n",
      "No, solution doesn't converge in 5 step for A,c \n",
      " [[156 -68 -49 -55  75]\n",
      " [-68 169 -60  72 -42]\n",
      " [-49 -60 109 -50  18]\n",
      " [-55  72 -50  86 -94]\n",
      " [ 75 -42  18 -94 143]] [ 7 -6  3  3 -8] \n",
      "Took 10 Steps\n",
      "No, solution doesn't converge in 5 step for A,c \n",
      " [[ 188  -39  131 -120   34]\n",
      " [ -39   81   14  -46   41]\n",
      " [ 131   14  256 -130  -42]\n",
      " [-120  -46 -130  229  -70]\n",
      " [  34   41  -42  -70  111]] [-7  3  2 -1  4] \n",
      "Took 10 Steps\n",
      "No, solution doesn't converge in 5 step for A,c \n",
      " [[ 179  -78   71   92 -131]\n",
      " [ -78   59  -41  -80   44]\n",
      " [  71  -41  235   44  -96]\n",
      " [  92  -80   44  134  -30]\n",
      " [-131   44  -96  -30  209]] [-3  2  8 -5  5] \n",
      "Took 10 Steps\n",
      "No, solution doesn't converge in 5 step for A,c \n",
      " [[  63   -2  -43   76   64]\n",
      " [  -2  127   45    0  -83]\n",
      " [ -43   45  184 -168 -135]\n",
      " [  76    0 -168  208  132]\n",
      " [  64  -83 -135  132  160]] [-8 -9 -3  1  8] \n",
      "Took 10 Steps\n",
      "No, solution doesn't converge in 5 step for A,c \n",
      " [[ 177   32  -66   55   16]\n",
      " [  32  248 -114  142  -43]\n",
      " [ -66 -114  135  -54   62]\n",
      " [  55  142  -54  100    4]\n",
      " [  16  -43   62    4  136]] [-8  1  3 -4 -5] \n",
      "Took 10 Steps\n",
      "No, solution doesn't converge in 5 step for A,c \n",
      " [[  63   -3  -52   48  -15]\n",
      " [  -3   85   76   46  -21]\n",
      " [ -52   76  294  -69 -156]\n",
      " [  48   46  -69  254   58]\n",
      " [ -15  -21 -156   58  135]] [ 6 -8  2 -6  5] \n",
      "Took 10 Steps\n",
      "No, solution doesn't converge in 5 step for A,c \n",
      " [[ 54  33  43 -15  75]\n",
      " [ 33 186 -89 -28 -11]\n",
      " [ 43 -89 156 -59  84]\n",
      " [-15 -28 -59 172   9]\n",
      " [ 75 -11  84   9 144]] [ 2 -5  0  4  0] \n",
      "Took 10 Steps\n",
      "No, solution doesn't converge in 5 step for A,c \n",
      " [[159   3  79   2 -47]\n",
      " [  3 131 -97 -93 -67]\n",
      " [ 79 -97 156 117  19]\n",
      " [  2 -93 117 187 -33]\n",
      " [-47 -67  19 -33 124]] [ 3  4  7 -5 -5] \n",
      "Took 10 Steps\n",
      "No, solution doesn't converge in 5 step for A,c \n",
      " [[ 123   96    3  -75   15]\n",
      " [  96  193    3    0  112]\n",
      " [   3    3  147 -105   81]\n",
      " [ -75    0 -105  244 -111]\n",
      " [  15  112   81 -111  231]] [-9 -9  1 -8 -3] \n",
      "Took 10 Steps\n",
      "No, solution doesn't converge in 5 step for A,c \n",
      " [[131  98  -6  57  38]\n",
      " [ 98 167  63  17  65]\n",
      " [ -6  63 149  41  10]\n",
      " [ 57  17  41 172 -11]\n",
      " [ 38  65  10 -11 156]] [-4  1  4  6 -3] \n",
      "Took 10 Steps\n",
      "No, solution doesn't converge in 5 step for A,c \n",
      " [[  53   41  -52  -59   23]\n",
      " [  41  251  101  113  -69]\n",
      " [ -52  101  160  174  -60]\n",
      " [ -59  113  174  219 -110]\n",
      " [  23  -69  -60 -110  139]] [ 1  0 -2 -6  7] \n",
      "Took 10 Steps\n",
      "No, solution doesn't converge in 5 step for A,c \n",
      " [[ 183  -22  -18 -192   51]\n",
      " [ -22  134   31  -11   95]\n",
      " [ -18   31  174  -53  157]\n",
      " [-192  -11  -53  252 -158]\n",
      " [  51   95  157 -158  252]] [ 8 -6 -1 -8  6] \n",
      "Took 10 Steps\n",
      "No, solution doesn't converge in 5 step for A,c \n",
      " [[ 98  -7   3 -12 -62]\n",
      " [ -7  48 -22  49 -12]\n",
      " [  3 -22  89 -71 -31]\n",
      " [-12  49 -71 135  88]\n",
      " [-62 -12 -31  88 233]] [ 8 -8 -3 -8  0] \n",
      "Took 10 Steps\n",
      "No, solution doesn't converge in 5 step for A,c \n",
      " [[ 145  -55  -70 -125   65]\n",
      " [ -55   97  -26   25  -30]\n",
      " [ -70  -26  192   15   51]\n",
      " [-125   25   15  177 -161]\n",
      " [  65  -30   51 -161  247]] [-9  1  8  6 -1] \n",
      "Took 10 Steps\n",
      "No, solution doesn't converge in 5 step for A,c \n",
      " [[117 -22 -67 -72 -63]\n",
      " [-22  51 -38  15  21]\n",
      " [-67 -38 158 136 119]\n",
      " [-72  15 136 312 231]\n",
      " [-63  21 119 231 220]] [ 9  5 -8 -2 -9] \n",
      "Took 10 Steps\n",
      "No, solution doesn't converge in 5 step for A,c \n",
      " [[ 132   22  -46  134  139]\n",
      " [  22  118   86  -45   26]\n",
      " [ -46   86  128 -114  -64]\n",
      " [ 134  -45 -114  240  116]\n",
      " [ 139   26  -64  116  268]] [-7 -7  1  2 -5] \n",
      "Took 10 Steps\n",
      "No, solution doesn't converge in 5 step for A,c \n",
      " [[103  20  55  28  76]\n",
      " [ 20 154   3  87  11]\n",
      " [ 55   3 184 -70  35]\n",
      " [ 28  87 -70 139  20]\n",
      " [ 76  11  35  20 101]] [ 8  6 -5  0  2] \n",
      "Took 10 Steps\n",
      "No, solution doesn't converge in 5 step for A,c \n",
      " [[184   8 -14  14  -1]\n",
      " [  8  91 -15  -5 101]\n",
      " [-14 -15  64 -17 -67]\n",
      " [ 14  -5 -17 140   5]\n",
      " [ -1 101 -67   5 168]] [-2  7  1 -4  0] \n",
      "Took 10 Steps\n",
      "No, solution doesn't converge in 5 step for A,c \n",
      " [[ 247  -39   25  -54 -149]\n",
      " [ -39  124    6   36  -31]\n",
      " [  25    6  148 -140    6]\n",
      " [ -54   36 -140  164  -30]\n",
      " [-149  -31    6  -30  214]] [-9 -5  5  1 -8] \n",
      "Took 10 Steps\n",
      "No, solution doesn't converge in 5 step for A,c \n",
      " [[295 -39 -58  31  53]\n",
      " [-39 199  85 -23 -41]\n",
      " [-58  85 153 -68 -52]\n",
      " [ 31 -23 -68 151 -27]\n",
      " [ 53 -41 -52 -27  75]] [-2  2 -1  0  0] \n",
      "Took 10 Steps\n",
      "No, solution doesn't converge in 5 step for A,c \n",
      " [[ 200  -44   20    9 -156]\n",
      " [ -44  144  -32   28   74]\n",
      " [  20  -32   84   64  -35]\n",
      " [   9   28   64  232   80]\n",
      " [-156   74  -35   80  196]] [-3 -3  3  9  0] \n",
      "Took 10 Steps\n",
      "No, solution doesn't converge in 5 step for A,c \n",
      " [[152  20  76  39   1]\n",
      " [ 20 140  88  30 -88]\n",
      " [ 76  88 230  29 -17]\n",
      " [ 39  30  29  39 -19]\n",
      " [  1 -88 -17 -19 236]] [ 5  8  7 -4 -9] \n",
      "Took 10 Steps\n",
      "No, solution doesn't converge in 5 step for A,c \n",
      " [[294 131 196  22 158]\n",
      " [131  66  89 -12  70]\n",
      " [196  89 231 -73  86]\n",
      " [ 22 -12 -73 195  12]\n",
      " [158  70  86  12 167]] [ 8  9  7 -8  5] \n",
      "Took 10 Steps\n",
      "No, solution doesn't converge in 5 step for A,c \n",
      " [[ 171  -46  -87    5   25]\n",
      " [ -46  250  -86 -120   -1]\n",
      " [ -87  -86  131    1   28]\n",
      " [   5 -120    1  179  -25]\n",
      " [  25   -1   28  -25  181]] [-1 -3 -9  3  1] \n",
      "Took 10 Steps\n",
      "No, solution doesn't converge in 5 step for A,c \n",
      " [[  91  -10   39   19   32]\n",
      " [ -10  230  -30  -34    4]\n",
      " [  39  -30  147 -107  -88]\n",
      " [  19  -34 -107  175   51]\n",
      " [  32    4  -88   51  193]] [-8  0  5 -7  8] \n",
      "Took 10 Steps\n",
      "No, solution doesn't converge in 5 step for A,c \n",
      " [[ 142  114   21  -65   39]\n",
      " [ 114  250  105 -118   98]\n",
      " [  21  105  113  -26   80]\n",
      " [ -65 -118  -26   67  -37]\n",
      " [  39   98   80  -37   72]] [ 1 -8 -9 -8  2] \n",
      "Took 10 Steps\n",
      "No, solution doesn't converge in 5 step for A,c \n",
      " [[ 83  59  35 -48  10]\n",
      " [ 59 215   6 -39  67]\n",
      " [ 35   6 159 -20  33]\n",
      " [-48 -39 -20  70 -34]\n",
      " [ 10  67  33 -34  51]] [ 2  1 -4  1  0] \n",
      "Took 10 Steps\n",
      "No, solution doesn't converge in 5 step for A,c \n",
      " [[182  -2 -34 -21 114]\n",
      " [ -2 146 127 -47  -8]\n",
      " [-34 127 268 -69  93]\n",
      " [-21 -47 -69  62 -27]\n",
      " [114  -8  93 -27 174]] [-1 -4 -5  2  5] \n",
      "Took 10 Steps\n",
      "No, solution doesn't converge in 5 step for A,c \n",
      " [[104 -16  54 -36  28]\n",
      " [-16 128  -8 -40  44]\n",
      " [ 54  -8 173 -98 -66]\n",
      " [-36 -40 -98 188  -3]\n",
      " [ 28  44 -66  -3 107]] [-7 -2  8 -1 -1] \n",
      "Took 10 Steps\n",
      "No, solution doesn't converge in 5 step for A,c \n",
      " [[ 192  -22   24 -143 -127]\n",
      " [ -22   92   15   54  -16]\n",
      " [  24   15  127   10  -98]\n",
      " [-143   54   10  186   48]\n",
      " [-127  -16  -98   48  152]] [4 9 4 7 0] \n",
      "Took 10 Steps\n",
      "No, solution doesn't converge in 5 step for A,c \n",
      " [[150 -36 -29 -15 -29]\n",
      " [-36  74  49 -90 -47]\n",
      " [-29  49 149  -7 -32]\n",
      " [-15 -90  -7 185  69]\n",
      " [-29 -47 -32  69 125]] [-5  0  7  7 -8] \n",
      "Took 10 Steps\n",
      "No, solution doesn't converge in 5 step for A,c \n",
      " [[102 -48 -59 -29  -9]\n",
      " [-48  46  -3   4 -26]\n",
      " [-59  -3 183 -17  59]\n",
      " [-29   4 -17 200 -85]\n",
      " [ -9 -26  59 -85 101]] [-4 -5 -5  6  5] \n",
      "Took 10 Steps\n",
      "No, solution doesn't converge in 5 step for A,c \n",
      " [[ 64 -14  11 -33 -27]\n",
      " [-14  63  29  66  81]\n",
      " [ 11  29  55  27  20]\n",
      " [-33  66  27 245 252]\n",
      " [-27  81  20 252 283]] [ 5 -8 -5  0 -4] \n",
      "Took 10 Steps\n",
      "No, solution doesn't converge in 5 step for A,c \n",
      " [[200 -49  44 -76  74]\n",
      " [-49 136 108  94 -42]\n",
      " [ 44 108 208 101 -57]\n",
      " [-76  94 101 181 -54]\n",
      " [ 74 -42 -57 -54  68]] [ 0 -8 -1 -9 -5] \n",
      "Took 10 Steps\n",
      "No, solution doesn't converge in 5 step for A,c \n",
      " [[137  26 -54  -5  71]\n",
      " [ 26 187  10 -54  -8]\n",
      " [-54  10 112 -19  16]\n",
      " [ -5 -54 -19  25  18]\n",
      " [ 71  -8  16  18 164]] [-2 -8  7  4  9] \n",
      "Took 10 Steps\n",
      "No, solution doesn't converge in 5 step for A,c \n",
      " [[ 218   46  -29   46  -15]\n",
      " [  46  139   21  -22   49]\n",
      " [ -29   21  221 -140   51]\n",
      " [  46  -22 -140  176  -41]\n",
      " [ -15   49   51  -41   60]] [ 6  7  7  5 -2] \n",
      "Took 10 Steps\n",
      "No, solution doesn't converge in 5 step for A,c \n",
      " [[125   6  38  28  90]\n",
      " [  6  44 -35  50  -1]\n",
      " [ 38 -35  89 -40  64]\n",
      " [ 28  50 -40 140   7]\n",
      " [ 90  -1  64   7 163]] [ 7  3  3  7 -2] \n",
      "Took 10 Steps\n",
      "No, solution doesn't converge in 5 step for A,c \n",
      " [[ 89 -50 -48  -6 -12]\n",
      " [-50 230 -89  85 -59]\n",
      " [-48 -89 209 -61  14]\n",
      " [ -6  85 -61 113   3]\n",
      " [-12 -59  14   3 255]] [-8 -3  7 -6  1] \n",
      "Took 10 Steps\n",
      "No, solution doesn't converge in 5 step for A,c \n",
      " [[ 248 -133   56  147   87]\n",
      " [-133  235   48 -138   41]\n",
      " [  56   48  156  -39   82]\n",
      " [ 147 -138  -39  137   23]\n",
      " [  87   41   82   23  205]] [ 4 -1  4  7  8] \n",
      "Took 10 Steps\n",
      "No, solution doesn't converge in 5 step for A,c \n",
      " [[114 -82 110 -33  43]\n",
      " [-82 281 -94 -64 -58]\n",
      " [110 -94 199  20   9]\n",
      " [-33 -64  20 228  28]\n",
      " [ 43 -58   9  28  76]] [-5  1  5  1 -4] \n",
      "Took 10 Steps\n",
      "No, solution doesn't converge in 5 step for A,c \n",
      " [[ 133   -9  -32  -29   20]\n",
      " [  -9  247  -57  -88 -133]\n",
      " [ -32  -57   51   62   14]\n",
      " [ -29  -88   62  201   12]\n",
      " [  20 -133   14   12   88]] [-2 -8 -1  3 -5] \n",
      "Took 10 Steps\n",
      "No, solution doesn't converge in 5 step for A,c \n",
      " [[ 188   -8 -173    6   88]\n",
      " [  -8  179   48  102  -42]\n",
      " [-173   48  194   -5  -92]\n",
      " [   6  102   -5  107   14]\n",
      " [  88  -42  -92   14  171]] [ 3 -2 -1  7 -9] \n",
      "Took 10 Steps\n",
      "No, solution doesn't converge in 5 step for A,c \n",
      " [[ 131  -55  -26   38   56]\n",
      " [ -55  108  -39   88 -125]\n",
      " [ -26  -39  137 -111   30]\n",
      " [  38   88 -111  208  -53]\n",
      " [  56 -125   30  -53  201]] [-3 -7  4  3  0] \n",
      "Took 10 Steps\n",
      "No, solution doesn't converge in 5 step for A,c \n",
      " [[ 248  -36  -74  -17   44]\n",
      " [ -36  230  -10   47 -181]\n",
      " [ -74  -10  115   24    7]\n",
      " [ -17   47   24  126  -10]\n",
      " [  44 -181    7  -10  189]] [ 7  2 -4 -7  9] \n",
      "Took 10 Steps\n",
      "No, solution doesn't converge in 5 step for A,c \n",
      " [[197 -13 -68   5 142]\n",
      " [-13 101 -14 126  -6]\n",
      " [-68 -14  48   2 -56]\n",
      " [  5 126   2 207 -10]\n",
      " [142  -6 -56 -10 145]] [9 0 0 4 9] \n",
      "Took 10 Steps\n",
      "No, solution doesn't converge in 5 step for A,c \n",
      " [[180  34  75 -60  84]\n",
      " [ 34 149  22   8 -42]\n",
      " [ 75  22 195 -87 -23]\n",
      " [-60   8 -87 131 -81]\n",
      " [ 84 -42 -23 -81 136]] [ 4 -5 -3 -3  1] \n",
      "Took 10 Steps\n",
      "No, solution doesn't converge in 5 step for A,c \n",
      " [[ 245 -148   11 -165  -95]\n",
      " [-148  205  -29   41   -3]\n",
      " [  11  -29  105   43  -65]\n",
      " [-165   41   43  190   16]\n",
      " [ -95   -3  -65   16  235]] [-5 -3  3  8 -4] \n",
      "Took 10 Steps\n",
      "No, solution doesn't converge in 5 step for A,c \n",
      " [[100 -99   6 -61 -65]\n",
      " [-99 135  -6  54  86]\n",
      " [  6  -6  89 -75  71]\n",
      " [-61  54 -75 149  16]\n",
      " [-65  86  71  16 161]] [-7 -6 -8  9 -7] \n",
      "Took 10 Steps\n",
      "No, solution doesn't converge in 5 step for A,c \n",
      " [[ 102  -37  -51    6   64]\n",
      " [ -37  172  -31  -15   92]\n",
      " [ -51  -31  188  -57 -122]\n",
      " [   6  -15  -57  167   81]\n",
      " [  64   92 -122   81  207]] [-4  6 -5  6 -7] \n",
      "Took 10 Steps\n",
      "No, solution doesn't converge in 5 step for A,c \n",
      " [[131 -70 129 -39 -23]\n",
      " [-70  65 -76  30  22]\n",
      " [129 -76 175 -86  23]\n",
      " [-39  30 -86  83 -39]\n",
      " [-23  22  23 -39 111]] [-5  2 -6 -5  6] \n",
      "Took 10 Steps\n",
      "No, solution doesn't converge in 5 step for A,c \n",
      " [[ 160  -27  -70  -92 -143]\n",
      " [ -27  162  -16  -49   -3]\n",
      " [ -70  -16  136   78   19]\n",
      " [ -92  -49   78  181  121]\n",
      " [-143   -3   19  121  177]] [ 9  9 -8  1  8] \n",
      "Took 10 Steps\n",
      "No, solution doesn't converge in 5 step for A,c \n",
      " [[ 56  40  46 -18  23]\n",
      " [ 40 317  76 -43 -13]\n",
      " [ 46  76 173  -8 -50]\n",
      " [-18 -43  -8 181 -58]\n",
      " [ 23 -13 -50 -58  70]] [-7  1 -9 -7  5] \n",
      "Took 10 Steps\n",
      "No, solution doesn't converge in 5 step for A,c \n",
      " [[160  85 -54 -59 100]\n",
      " [ 85 125 -54 -62  83]\n",
      " [-54 -54 105  66 -82]\n",
      " [-59 -62  66 136 -88]\n",
      " [100  83 -82 -88 132]] [ 2  5  9  8 -1] \n",
      "Took 10 Steps\n",
      "No, solution doesn't converge in 5 step for A,c \n",
      " [[ 107   26   13   37   -9]\n",
      " [  26  193   -9  154 -135]\n",
      " [  13   -9   88  -19   99]\n",
      " [  37  154  -19  143 -135]\n",
      " [  -9 -135   99 -135  208]] [-7 -5 -6 -4  4] \n",
      "Took 10 Steps\n",
      "No, solution doesn't converge in 5 step for A,c \n",
      " [[ 77 -46   2 -40  82]\n",
      " [-46 219  33 171 -92]\n",
      " [  2  33  56  22 -27]\n",
      " [-40 171  22 148 -77]\n",
      " [ 82 -92 -27 -77 110]] [ 5  4 -2  3 -7] \n",
      "Took 10 Steps\n",
      "No, solution doesn't converge in 5 step for A,c \n",
      " [[ 224  -78   32   70  -74]\n",
      " [ -78  115  -70    7  115]\n",
      " [  32  -70  193   41 -142]\n",
      " [  70    7   41   78   -8]\n",
      " [ -74  115 -142   -8  156]] [ 3 -2 -4  6  3] \n",
      "Took 10 Steps\n",
      "No, solution doesn't converge in 5 step for A,c \n",
      " [[103  60 -64  11  28]\n",
      " [ 60 245 -92  45 -63]\n",
      " [-64 -92  92  -4  52]\n",
      " [ 11  45  -4  39 -14]\n",
      " [ 28 -63  52 -14 126]] [ 2  3  0  8 -2] \n",
      "Took 10 Steps\n",
      "No, solution doesn't converge in 5 step for A,c \n",
      " [[ 154  -56   75  -64  208]\n",
      " [ -56  146   -8   45 -111]\n",
      " [  75   -8  101  -34   59]\n",
      " [ -64   45  -34   92 -149]\n",
      " [ 208 -111   59 -149  389]] [-7  0 -1  8 -1] \n",
      "Took 10 Steps\n",
      "No, solution doesn't converge in 5 step for A,c \n",
      " [[ 273   25   10   80   95]\n",
      " [  25  172   21  -76  -53]\n",
      " [  10   21  179  124 -161]\n",
      " [  80  -76  124  213  -40]\n",
      " [  95  -53 -161  -40  212]] [ 0  6  1  0 -9] \n",
      "Took 10 Steps\n",
      "No, solution doesn't converge in 5 step for A,c \n",
      " [[109   2 -32  -6   6]\n",
      " [  2  93  42 -23   2]\n",
      " [-32  42 164 120 -61]\n",
      " [ -6 -23 120 135 -37]\n",
      " [  6   2 -61 -37 148]] [-9 -5 -6  8  3] \n",
      "Took 10 Steps\n",
      "No, solution doesn't converge in 5 step for A,c \n",
      " [[ 140  -39 -101    5    8]\n",
      " [ -39   22   23  -16  -35]\n",
      " [-101   23  215    2    9]\n",
      " [   5  -16    2   38   33]\n",
      " [   8  -35    9   33  152]] [ 7 -5 -6  2 -1] \n",
      "Took 10 Steps\n",
      "No, solution doesn't converge in 5 step for A,c \n",
      " [[153  56 -26 -36   8]\n",
      " [ 56  84   8 -45   6]\n",
      " [-26   8  41 -32  28]\n",
      " [-36 -45 -32  78 -25]\n",
      " [  8   6  28 -25 144]] [-5  0  2  7  0] \n",
      "Took 10 Steps\n",
      "No, solution doesn't converge in 5 step for A,c \n",
      " [[124  12 132 -23  55]\n",
      " [ 12 224 -34 -60  50]\n",
      " [132 -34 250   3 114]\n",
      " [-23 -60   3  41 -25]\n",
      " [ 55  50 114 -25 107]] [-7  4 -7 -6  0] \n",
      "Took 10 Steps\n",
      "No, solution doesn't converge in 5 step for A,c \n",
      " [[129  21 101   2  19]\n",
      " [ 21 234  81  48 111]\n",
      " [101  81 225 101   1]\n",
      " [  2  48 101  84  10]\n",
      " [ 19 111   1  10 114]] [-1  3  9  0 -1] \n",
      "Took 10 Steps\n",
      "No, solution doesn't converge in 5 step for A,c \n",
      " [[ 160   56    4   73  -27]\n",
      " [  56  247  125    8 -155]\n",
      " [   4  125  180  -40  -54]\n",
      " [  73    8  -40   72   17]\n",
      " [ -27 -155  -54   17  175]] [ 6  6 -4  8 -8] \n",
      "Took 10 Steps\n",
      "No, solution doesn't converge in 5 step for A,c \n",
      " [[ 256   15   -3 -160  -10]\n",
      " [  15  121   24  -23  -22]\n",
      " [  -3   24   76  -46  -20]\n",
      " [-160  -23  -46  168   24]\n",
      " [ -10  -22  -20   24   12]] [-5  1 -9 -4 -8] \n",
      "Took 10 Steps\n",
      "No, solution doesn't converge in 5 step for A,c \n",
      " [[160  28  91 -21 156]\n",
      " [ 28 103 -69  27 -40]\n",
      " [ 91 -69 167 -39 185]\n",
      " [-21  27 -39 127 -75]\n",
      " [156 -40 185 -75 247]] [ 5  5 -1 -4 -6] \n",
      "Took 10 Steps\n",
      "No, solution doesn't converge in 5 step for A,c \n",
      " [[148 -62   5 106  92]\n",
      " [-62 112   3 -52  -6]\n",
      " [  5   3  23 -30  26]\n",
      " [106 -52 -30 165   2]\n",
      " [ 92  -6  26   2 116]] [-4 -7  3  7 -1] \n",
      "Took 10 Steps\n",
      "No, solution doesn't converge in 5 step for A,c \n",
      " [[120 -96 -46  -4  35]\n",
      " [-96 104  46  18  15]\n",
      " [-46  46 100  34 -15]\n",
      " [ -4  18  34 157 -24]\n",
      " [ 35  15 -15 -24 154]] [-2  9 -5  5 -6] \n",
      "Took 10 Steps\n",
      "No, solution doesn't converge in 5 step for A,c \n",
      " [[141 -51 -53 -59  50]\n",
      " [-51  62  27  18  53]\n",
      " [-53  27  33  30  -2]\n",
      " [-59  18  30 106 -27]\n",
      " [ 50  53  -2 -27 148]] [ 0  5 -9 -4 -2] \n",
      "Took 10 Steps\n",
      "No, solution doesn't converge in 5 step for A,c \n",
      " [[160 -23  74 129  80]\n",
      " [-23 137 -97  34 -54]\n",
      " [ 74 -97 152  38 148]\n",
      " [129  34  38 179  69]\n",
      " [ 80 -54 148  69 175]] [-2 -2  7  2  5] \n",
      "Took 10 Steps\n",
      "No, solution doesn't converge in 5 step for A,c \n",
      " [[147  27  10  -8  91]\n",
      " [ 27  71  -6  36  81]\n",
      " [ 10  -6 153 -30 -40]\n",
      " [ -8  36 -30  39  44]\n",
      " [ 91  81 -40  44 136]] [ 4 -8 -2  2 -4] \n",
      "Took 10 Steps\n",
      "No, solution doesn't converge in 5 step for A,c \n",
      " [[ 212   60   30  -35   81]\n",
      " [  60   95   21   88  -36]\n",
      " [  30   21  148  -43   61]\n",
      " [ -35   88  -43  155 -122]\n",
      " [  81  -36   61 -122  150]] [ 3  6 -4  6 -2] \n",
      "Took 10 Steps\n",
      "No, solution doesn't converge in 5 step for A,c \n",
      " [[268  57  42  15 124]\n",
      " [ 57 126 -16 -49   1]\n",
      " [ 42 -16  50  30   1]\n",
      " [ 15 -49  30  97  71]\n",
      " [124   1   1  71 153]] [-1  1 -8 -2  3] \n",
      "Took 10 Steps\n",
      "No, solution doesn't converge in 5 step for A,c \n",
      " [[ 228 -115  -29   11  -52]\n",
      " [-115  167   90   84   47]\n",
      " [ -29   90  147  124    5]\n",
      " [  11   84  124  148  -11]\n",
      " [ -52   47    5  -11   64]] [ 9  3  2 -4 -3] \n",
      "Took 10 Steps\n",
      "No, solution doesn't converge in 5 step for A,c \n",
      " [[ 185 -104  -34   12   13]\n",
      " [-104   99   53   47  -33]\n",
      " [ -34   53  151  169   17]\n",
      " [  12   47  169  252   53]\n",
      " [  13  -33   17   53   78]] [-6  9 -6 -5  6] \n",
      "Took 10 Steps\n",
      "No, solution doesn't converge in 5 step for A,c \n",
      " [[ 197   86 -132  136 -128]\n",
      " [  86  236   -4   14  -31]\n",
      " [-132   -4  187  -53  104]\n",
      " [ 136   14  -53  146  -95]\n",
      " [-128  -31  104  -95  104]] [ 8  2 -4 -2 -7] \n",
      "Took 10 Steps\n",
      "No, solution doesn't converge in 5 step for A,c \n",
      " [[149  54  28 -45 -23]\n",
      " [ 54 115  36 -61 -71]\n",
      " [ 28  36  43 -45 -39]\n",
      " [-45 -61 -45 129 -57]\n",
      " [-23 -71 -39 -57 236]] [-8  6 -9 -2 -3] \n",
      "Took 10 Steps\n",
      "No, solution doesn't converge in 5 step for A,c \n",
      " [[130 -26 -53  88  14]\n",
      " [-26 107  49  68  41]\n",
      " [-53  49 159   3   2]\n",
      " [ 88  68   3 251  41]\n",
      " [ 14  41   2  41  36]] [ 4 -9  9  3 -9] \n",
      "Took 10 Steps\n",
      "No, solution doesn't converge in 5 step for A,c \n",
      " [[141   9 -57 -97 -63]\n",
      " [  9 140 -63 -87  83]\n",
      " [-57 -63 130  97 -78]\n",
      " [-97 -87  97 163  -1]\n",
      " [-63  83 -78  -1 159]] [ 3  7  5 -3  5] \n",
      "Took 10 Steps\n",
      "No, solution doesn't converge in 5 step for A,c \n",
      " [[ 161  -30  -12  -24   27]\n",
      " [ -30  233 -116   94   11]\n",
      " [ -12 -116  192  -38  -82]\n",
      " [ -24   94  -38   75  -39]\n",
      " [  27   11  -82  -39  180]] [-2  1  5 -6  9] \n",
      "Took 10 Steps\n",
      "No, solution doesn't converge in 5 step for A,c \n",
      " [[282  61  36 142  -8]\n",
      " [ 61  80  83  36 -50]\n",
      " [ 36  83 127  14 -69]\n",
      " [142  36  14  97  19]\n",
      " [ -8 -50 -69  19 148]] [ 9  8 -1  4 -1] \n",
      "Took 10 Steps\n",
      "No, solution doesn't converge in 5 step for A,c \n",
      " [[ 191 -136 -129   88  -78]\n",
      " [-136  137   30  -89   42]\n",
      " [-129   30  295   -8   40]\n",
      " [  88  -89   -8   74  -58]\n",
      " [ -78   42   40  -58  109]] [-5 -2 -8  2  2] \n",
      "Took 10 Steps\n",
      "No, solution doesn't converge in 5 step for A,c \n",
      " [[ 216  -78   -5   55 -116]\n",
      " [ -78  101   -4   16  -18]\n",
      " [  -5   -4  155  -82   41]\n",
      " [  55   16  -82  107  -35]\n",
      " [-116  -18   41  -35  172]] [ 7 -8  9 -6 -4] \n",
      "Took 10 Steps\n",
      "No, solution doesn't converge in 5 step for A,c \n",
      " [[  56   13   18    9   33]\n",
      " [  13   17    2  -15   31]\n",
      " [  18    2  180  -62 -117]\n",
      " [   9  -15  -62  104   35]\n",
      " [  33   31 -117   35  166]] [-1 -4  0  5 -3] \n",
      "Took 10 Steps\n",
      "No, solution doesn't converge in 5 step for A,c \n",
      " [[177   2 -38 -24 144]\n",
      " [  2  24  18  -7  -1]\n",
      " [-38  18  40  -1 -32]\n",
      " [-24  -7  -1  84 -47]\n",
      " [144  -1 -32 -47 135]] [-4  6  7 -5  3] \n",
      "Took 10 Steps\n",
      "No, solution doesn't converge in 5 step for A,c \n",
      " [[ 76  81 -62  28 -11]\n",
      " [ 81 111 -92  -7  -5]\n",
      " [-62 -92 153  72 -34]\n",
      " [ 28  -7  72 169   9]\n",
      " [-11  -5 -34   9 139]] [-7  9 -3  1 -7] \n",
      "Took 10 Steps\n",
      "No, solution doesn't converge in 5 step for A,c \n",
      " [[157  30  16 -77 -35]\n",
      " [ 30 108  -6  65  25]\n",
      " [ 16  -6 165 -64 170]\n",
      " [-77  65 -64 190  32]\n",
      " [-35  25 170  32 243]] [-8  2  8 -8 -5] \n",
      "Took 10 Steps\n",
      "No, solution doesn't converge in 5 step for A,c \n",
      " [[ 265   52 -108  -70  -45]\n",
      " [  52  100  -73   27   -5]\n",
      " [-108  -73  204  -75  -90]\n",
      " [ -70   27  -75  174   26]\n",
      " [ -45   -5  -90   26  143]] [ 4 -2 -2 -5 -6] \n",
      "Took 10 Steps\n",
      "No, solution doesn't converge in 5 step for A,c \n",
      " [[103  79  -1 -68 -58]\n",
      " [ 79  99 -43 -81 -33]\n",
      " [ -1 -43 152  53 -10]\n",
      " [-68 -81  53 139  92]\n",
      " [-58 -33 -10  92 194]] [-8  7  5 -3  0] \n",
      "Took 10 Steps\n",
      "No, solution doesn't converge in 5 step for A,c \n",
      " [[223  82 -72  27 177]\n",
      " [ 82 166 -88  -4  48]\n",
      " [-72 -88 249 -71 -11]\n",
      " [ 27  -4 -71  79  24]\n",
      " [177  48 -11  24 157]] [-7 -6 -5  0 -2] \n",
      "Took 10 Steps\n",
      "No, solution doesn't converge in 5 step for A,c \n",
      " [[200 174 -35  36  82]\n",
      " [174 299  84  86 124]\n",
      " [-35  84 184  64  -9]\n",
      " [ 36  86  64  45  14]\n",
      " [ 82 124  -9  14 107]] [-3  4 -2  0  6] \n",
      "Took 10 Steps\n"
     ]
    }
   ],
   "source": [
    "import numpy as np \n",
    "z1=False\n",
    "for i in range(100): \n",
    "    X=np.random.randint(-9,10,25).reshape(5,5)\n",
    "    A= X@X.T+ np.diag([1,1,1,1,1])\n",
    "    c=np.random.randint(-9,10,5)\n",
    "    z=False\n",
    "    g= lambda A,c,x: A@x+c\n",
    "    x=np.random.randint(0,100,5)\n",
    "    d=-g(A,c,x)\n",
    "    count=0\n",
    "    while np.linalg.norm(g(A,c,x))>1e-6:\n",
    "        x_p=x.copy()\n",
    "        x=x-((g(A,c,x).dot(d))/(d.dot(A.dot(d))))*d\n",
    "        #print(x)\n",
    "        if count%5<4 :\n",
    "            d=-g(A,c,x) + (g(A,c,x).dot(g(A,c,x))/ g(A,c,x_p).dot(g(A,c,x_p))) *d\n",
    "            count+=1\n",
    "        else:\n",
    "            d=-g(A,c,x)\n",
    "            count+=1\n",
    "        \n",
    "    if count>5:\n",
    "        print(\"No, solution doesn't converge in 5 step for A,c \\n\",A,c,\"\\nTook\",count,\"Steps\")\n",
    "        z1=True\n",
    "        \n",
    "\n",
    "\n",
    "\n",
    "\n",
    "    \n",
    "if not z1:\n",
    "    print(\"Verified that all solution converges in 5 steps\")\n",
    "\n",
    "\n",
    "        \n",
    "\n",
    "    \n",
    "    "
   ]
  },
  {
   "cell_type": "code",
   "execution_count": null,
   "id": "c5db797e-dba7-4232-9cf8-76ec7b019618",
   "metadata": {},
   "outputs": [],
   "source": []
  }
 ],
 "metadata": {
  "kernelspec": {
   "display_name": "Python 3 (ipykernel)",
   "language": "python",
   "name": "python3"
  },
  "language_info": {
   "codemirror_mode": {
    "name": "ipython",
    "version": 3
   },
   "file_extension": ".py",
   "mimetype": "text/x-python",
   "name": "python",
   "nbconvert_exporter": "python",
   "pygments_lexer": "ipython3",
   "version": "3.11.5"
  }
 },
 "nbformat": 4,
 "nbformat_minor": 5
}
